
Epoch: 1
	trainingError:	0.237889
	trainingLoss:	14317.677298
	testError:	0.233000
	testLoss:	1600.277603
Epoch: 2
	trainingError:	0.135444
	trainingLoss:	8256.875221
	testError:	0.129000
	testLoss:	908.769106
Epoch: 3
	trainingError:	0.127333
	trainingLoss:	7136.345604
	testError:	0.121000
	testLoss:	783.217511
Epoch: 4
	trainingError:	0.108556
	trainingLoss:	6384.062313
	testError:	0.106000
	testLoss:	702.418480