
Epoch: 10
	trainingError:	0.084463
	trainingLoss:	5458.265992
	testError:	0.092333
	testLoss:	664.154343
Epoch: 20
	trainingError:	0.079685
	trainingLoss:	5310.144046
	testError:	0.086500
	testLoss:	659.505905
Epoch: 30
	trainingError:	0.078259
	trainingLoss:	5211.078386
	testError:	0.086667
	testLoss:	657.818628
Epoch: 40
	trainingError:	0.076407
	trainingLoss:	5181.694856
	testError:	0.085500
	testLoss:	655.699944